10x10的矩陣則為每個clusters彼此之間的距離

Euclidean c1
round 1 COST    6.236603453064158E8
round 2 COST    5.098629082975463E8
round 3 COST    4.8548068187200665E8
round 4 COST    4.6399701168501174E8
round 5 COST    4.609692665729944E8
round 6 COST    4.6053784798276794E8
round 7 COST    4.6031309965354437E8
round 8 COST    4.600035238894069E8
round 9 COST    4.5957053931773484E8
round 10 COST   4.5902110334228975E8
round 11 COST   4.5849065619198024E8
round 12 COST   4.5794423258797485E8
round 13 COST   4.5755800519867724E8
round 14 COST   4.572901363523013E8
round 15 COST   4.570505550595642E8
round 16 COST   4.5689223561535645E8
round 17 COST   4.567036307370358E8
round 18 COST   4.564042030189776E8
round 19 COST   4.561778005419945E8
round 20 COST   4.5598687102734715E8
0.0 692.1578865536187 3490.2586403239793 205.75027883457204 346.71882253414816 512.6122467083617 444.7310005470825 566.2019922936282 1282.7708445154385 307.66912835221507
692.1578865536187 0.0 2798.8010531589434 897.6589863450828 1038.8268882911389 1204.0781989863117 1136.3273438149283 1257.4495275592424 669.8902282318555 412.076077167744
3490.2586403239793 2798.8010531589434 0.0 3695.114191079636 3836.9066381524567 4002.6890825730284 3934.8715588311575 4056.1355729719103 2294.57964158953 3195.9239010108936
205.75027883457204 897.6589863450828 3695.114191079636 0.0 142.43887392408647 309.50632446700047 241.7301145044183 363.2628951046584 1474.9454213642691 504.63411599571515
346.71882253414816 1038.8268882911389 3836.9066381524567 142.43887392408647 0.0 167.1498001315246 99.54554331498562 220.90178372040566 1615.852353440387 646.9305638786212
512.6122467083617 1204.0781989863117 4002.6890825730284 309.50632446700047 167.1498001315246 0.0 67.91186107588504 53.78989116172683 1782.2030486002302 814.0761501339795
444.7310005470825 1136.3273438149283 3934.8715588311575 241.7301145044183 99.54554331498562 67.91186107588504 0.0 121.63372043718282 1715.2531997144126 746.3355586141014
566.2019922936282 1257.4495275592424 4056.1355729719103 363.2628951046584 220.90178372040566 53.78989116172683 121.63372043718282 0.0 1835.6396718448902 867.8230790917461
1282.7708445154385 669.8902282318555 2294.57964158953 1474.9454213642691 1615.852353440387 1782.2030486002302 1715.2531997144126 1835.6396718448902 0.0 975.3204225971708
307.66912835221507 412.076077167744 3195.9239010108936 504.63411599571515 646.9305638786212 814.0761501339795 746.3355586141014 867.8230790917461 975.3204225971708 0.0

Euclidean c2
round 1 COST    4.3874779002791935E8
round 2 COST    2.498039336260029E8
round 3 COST    1.9449481440631294E8
round 4 COST    1.6980484145154303E8
round 5 COST    1.5629574880627617E8
round 6 COST    1.490942081089658E8
round 7 COST    1.4250853161961487E8
round 8 COST    1.3230386940652958E8
round 9 COST    1.1717096983719084E8
round 10 COST   1.0854737717857024E8
round 11 COST   1.0223720331799632E8
round 12 COST   9.827801574975751E7
round 13 COST   9.563022612177391E7
round 14 COST   9.379331405119254E7
round 15 COST   9.237713196821088E7
round 16 COST   9.154160625423922E7
round 17 COST   9.104557383042413E7
round 18 COST   9.075224010140844E7
round 19 COST   9.04701701812276E7
round 20 COST   9.021641617563143E7
0.0 15760.12247224593 14110.83439088334 9045.32023455239 5567.684524118405 1924.6240815733204 1100.8590503593277 402.89054961102914 2105.4425755929597 3169.003772849924
15760.12247224593 0.0 11524.505650179837 6743.88410019246 10192.525007384162 14455.11937212132 14682.450992891092 15362.417960805125 13674.707531226235 12597.039559531104
14110.83439088334 11524.505650179837 0.0 9545.879403387185 10883.382187801386 12233.959804503613 13208.002933714424 13786.484182516106 12508.95738096874 11938.376127029482
9045.32023455239 6743.88410019246 9545.879403387185 0.0 3494.2224155718104 7718.222009696623 7957.775949135465 8644.807041005524 6947.820636329124 5876.330199605868
5567.684524118405 10192.525007384162 10883.382187801386 3494.2224155718104 0.0 4404.562590797219 4492.458214360271 5169.9372911256405 3488.1585187816186 2407.918794485802
1924.6240815733204 14455.11937212132 12233.959804503613 7718.222009696623 4404.562590797219 0.0 1182.864189045907 1615.7882361392917 1313.3274934048693 2153.771471752397
1100.8590503593277 14682.450992891092 13208.002933714424 7957.775949135465 4492.458214360271 1182.864189045907 0.0 698.4881359277906 1010.1976652126849 2085.4606764072964
402.89054961102914 15362.417960805125 13786.484182516106 8644.807041005524 5169.9372911256405 1615.7882361392917 698.4881359277906 0.0 1702.7926583344838 2768.6077191659247
2105.4425755929597 13674.707531226235 12508.95738096874 6947.820636329124 3488.1585187816186 1313.3274934048693 1010.1976652126849 1702.7926583344838 0.0 1080.534943939508
3169.003772849924 12597.039559531104 11938.376127029482 5876.330199605868 2407.918794485802 2153.771471752397 2085.4606764072964 2768.6077191659247 1080.534943939508 0.0

Manhattan c1
round 1 COST    550117.1420000014
round 2 COST    465639.8639883166
round 3 COST    470883.3399749307
round 4 COST    483840.02358109655
round 5 COST    489175.05630057794
round 6 COST    487635.7786453358
round 7 COST    483711.9232137451
round 8 COST    475330.77349323063
round 9 COST    474871.2388463625
round 10 COST   457232.92011507624
round 11 COST   447494.38619734853
round 12 COST   450915.0125766775
round 13 COST   451250.36707256373
round 14 COST   451974.5955397494
round 15 COST   451570.3640699567
round 16 COST   452739.011366456
round 17 COST   453082.7302871834
round 18 COST   450583.67086030106
round 19 COST   450368.7493167399
round 20 COST   449011.36372552207
0.0 2341.017218605991 11929.300151785714 651.187488095238 496.33152119047617 947.7432364650634 770.7373834915085 1056.7995006298163 1260.5105607142857 737.7135730519481
2341.017218605991 0.0 9597.441187096774 2778.9457620967737 2830.1445281720426 3280.3591681796074 3104.2857711482065 3388.9826482565923 2380.460958064516 1605.2701287064187
11929.300151785714 9597.441187096774 0.0 12323.287569444445 12421.263079999999 12871.483428978225 12695.554202097901 12979.13318018672 10775.939185714284 11196.78698181818
651.187488095238 2778.9457620967737 12323.287569444445 0.0 335.951213 558.4692581658292 382.4633301282051 667.5332295988935 1653.825886904762 1379.165172979798
496.33152119047617 2830.1445281720426 12421.263079999999 335.951213 0.0 452.86133068676713 276.3264914965034 561.8492485408023 1755.105532761905 1226.6603546666668
947.7432364650634 3280.3591681796074 12871.483428978225 558.4692581658292 452.86133068676713 0.0 177.59316237363976 110.21762404606017 2205.3073830102894 1677.666863534846
770.7373834915085 3104.2857711482065 12695.554202097901 382.4633301282051 276.3264914965034 177.59316237363976 0.0 287.42970773365636 2028.901615784216 1500.9934102564105
1056.7995006298163 3388.9826482565923 12979.13318018672 667.5332295988935 561.8492485408023 110.21762404606017 287.42970773365636 0.0 2314.667454756965 1786.8113163428895
1260.5105607142857 2380.460958064516 10775.939185714284 1653.825886904762 1755.105532761905 2205.3073830102894 2028.901615784216 2314.667454756965 0.0 1006.3678264069264
737.7135730519481 1605.2701287064187 11196.78698181818 1379.165172979798 1226.6603546666668 1677.666863534846 1500.9934102564105 1786.8113163428895 1006.3678264069264 0.0

Manhattan c2
round 1 COST    1433739.309999993
round 2 COST    1084488.7769648754
round 3 COST    973431.7146620416
round 4 COST    895934.5925630687
round 5 COST    865128.3352940807
round 6 COST    845846.6470313502
round 7 COST    827219.5827561265
round 8 COST    803590.3456011122
round 9 COST    756039.5172761226
round 10 COST   717332.9025432318
round 11 COST   694587.9252526845
round 12 COST   684444.5019967902
round 13 COST   674574.7475478571
round 14 COST   667409.4699160242
round 15 COST   663556.6278215015
round 16 COST   660162.7772287575
round 17 COST   656041.3222947107
round 18 COST   653036.7540731633
round 19 COST   651112.426252267
round 20 COST   649689.0131843523
0.0 15757.691264458323 20200.259435786043 9517.668232509728 5588.853634537063 3281.488246764413 1430.2086778758846 602.9548488263027 2102.553977579326 3211.4557560606645
15757.691264458323 0.0 16003.499 7219.196666666668 10221.031 16325.2705 14506.48588961039 15335.957402597402 14980.056095890412 12922.931357142857
20200.259435786043 16003.499 0.0 10690.484333333334 14613.552 17521.517666666663 18775.12146103896 19602.262814935064 18111.885424657536 16995.133535714285
9517.668232509728 7219.196666666668 10690.484333333334 0.0 3935.2926666666663 9116.0245 8090.510188311688 8918.813116883115 7771.22207762557 6312.5300119047615
5588.853634537063 10221.031 14613.552 3935.2926666666663 0.0 6110.8325 4293.5019025974025 5123.066808441558 4768.923 2710.0564999999997
3281.488246764413 16325.2705 17521.517666666663 9116.0245 6110.8325 0.0 1855.5799090909088 2682.5692337662335 1358.795894977169 3413.0361785714285
1430.2086778758846 14506.48588961039 18775.12146103896 8090.510188311688 4293.5019025974025 1855.5799090909088 0.0 833.4302824675323 674.8275699163852 1784.5120454545456
602.9548488263027 15335.957402597402 19602.262814935064 8918.813116883115 5123.066808441558 2682.5692337662335 833.4302824675323 0.0 1500.824883695072 2613.9973051948054
2102.553977579326 14980.056095890412 18111.885424657536 7771.22207762557 4768.923 1358.795894977169 674.8275699163852 1500.824883695072 0.0 2062.251068003914
3211.4557560606645 12922.931357142857 16995.133535714285 6312.5300119047615 2710.0564999999997 3413.0361785714285 1784.5120454545456 2613.9973051948054 2062.251068003914 0.0


